[gd_scene load_steps=72 format=3 uid="uid://c4utrcpde6y22"]

[ext_resource type="Script" uid="uid://b7i30wv8lorlb" path="res://base.gd" id="1_ut1kh"]
[ext_resource type="PackedScene" uid="uid://coeaj8kxwl40n" path="res://character.tscn" id="2_c28jh"]
[ext_resource type="Material" uid="uid://c6yssw8smu6j0" path="res://sky/room_panorama_01.tres" id="3_ok30c"]
[ext_resource type="Texture2D" uid="uid://bo5wcpjnd40aq" path="res://icon.svg" id="3_s5o31"]
[ext_resource type="AudioStream" uid="uid://q0qwyv6d1uqg" path="res://sounds/TinCoin.mp3" id="4_2suhb"]
[ext_resource type="PackedScene" uid="uid://nxe8rqga76l0" path="res://office_with_collision.tscn" id="6_8uljb"]
[ext_resource type="PackedScene" uid="uid://lhc12hyww0qv" path="res://objects/stairs.glb" id="7_x3c38"]
[ext_resource type="PackedScene" uid="uid://1xxq4hfexljm" path="res://objects/props/MarketingShelf.gltf" id="13_1uwki"]
[ext_resource type="PackedScene" uid="uid://dxf6m0rru2xb0" path="res://objects/props/PartyTable.gltf" id="13_d5d72"]
[ext_resource type="PackedScene" uid="uid://dlelw0wocytng" path="res://objects/props/LobbyChair.gltf" id="13_jym3p"]
[ext_resource type="PackedScene" uid="uid://bt5ism47emh65" path="res://objects/props/Muffin.gltf" id="14_18b1w"]
[ext_resource type="PackedScene" uid="uid://b8riur71n3j3l" path="res://objects/props/DesignTable.gltf" id="14_50rgw"]
[ext_resource type="PackedScene" uid="uid://fqxnbyrmfge3" path="res://banner.tscn" id="14_cs1hs"]
[ext_resource type="FontFile" uid="uid://cgl1eo1pwl65v" path="res://fonts/Bungee-Regular.otf" id="14_gaoim"]
[ext_resource type="Texture2D" uid="uid://bglukvw1mv30k" path="res://textures/banner_robot_rejected.png" id="14_jym3p"]
[ext_resource type="Material" uid="uid://do2w3hnmraobn" path="res://materials/floor_number.tres" id="14_sgv64"]
[ext_resource type="Texture2D" uid="uid://clt2fh5qtesu7" path="res://textures/banner_robot_ok.png" id="14_v7taj"]
[ext_resource type="Texture2D" uid="uid://c7n1vpir0on6b" path="res://textures/banner_robot_charge_battery.png" id="16_50rgw"]
[ext_resource type="Texture2D" uid="uid://qgsd8ojuieat" path="res://textures/banner_robot_power_off.png" id="16_jym3p"]
[ext_resource type="PackedScene" uid="uid://cryg4my12gt4c" path="res://objects/props/LabTable.gltf" id="16_wudxj"]
[ext_resource type="PackedScene" uid="uid://br45idlc583vq" path="res://objects/props/RobotHead.gltf" id="17_yc71e"]
[ext_resource type="PackedScene" uid="uid://lyxknjxm317x" path="res://objects/props/RobotLeg.gltf" id="18_2btif"]
[ext_resource type="PackedScene" uid="uid://dorx7tjyxp3pr" path="res://turnstile.tscn" id="18_4a7sh"]
[ext_resource type="PackedScene" uid="uid://cx67mnaredgil" path="res://objects/props/RobotArm.gltf" id="19_n0uqe"]
[ext_resource type="Texture2D" uid="uid://do46f1qxantx4" path="res://textures/StairsSign.jpg" id="20_wudxj"]
[ext_resource type="PackedScene" uid="uid://c2lwh2ybicdve" path="res://objects/props/Desk.gltf" id="21_7m1qc"]
[ext_resource type="PackedScene" uid="uid://d3rw145oxvkjk" path="res://objects/clock.glb" id="21_yc71e"]
[ext_resource type="PackedScene" uid="uid://nampk5kyqul6" path="res://report.tscn" id="22_1uwki"]
[ext_resource type="PackedScene" uid="uid://4f1llqaogpkg" path="res://objects/props/ExecChair.gltf" id="23_mh4ky"]
[ext_resource type="PackedScene" uid="uid://d2uebb6pnho2" path="res://objects/props/Body.gltf" id="23_x13uo"]
[ext_resource type="PackedScene" uid="uid://cp3bk1xsmjnxj" path="res://robot.tscn" id="24_2bbbl"]
[ext_resource type="PackedScene" uid="uid://irlxxm1a2475" path="res://objects/props/HardwarePress.gltf" id="26_5pcrg"]
[ext_resource type="PackedScene" uid="uid://b30boy2s6ixp7" path="res://objects/props/DonutsPlate.gltf" id="27_aggb6"]
[ext_resource type="PackedScene" uid="uid://b0p7qjrnq2h6v" path="res://objects/props/OldWrench.gltf" id="27_fe1od"]
[ext_resource type="PackedScene" uid="uid://dggavdycpsnar" path="res://objects/props/Printer3D.gltf" id="28_fq8n2"]
[ext_resource type="PackedScene" uid="uid://da7f5sghrw8rq" path="res://objects/props/Donut.gltf" id="29_f7hpq"]
[ext_resource type="PackedScene" uid="uid://scbgstp1dmdi" path="res://glitched_level_count.tscn" id="30_3vupj"]
[ext_resource type="PackedScene" uid="uid://cq0bljeomw142" path="res://objects/props/TrashBin_Knocked.gltf" id="31_kaldw"]
[ext_resource type="PackedScene" uid="uid://dthbc7cafur3p" path="res://objects/props/MarketingTable.gltf" id="31_uvlxr"]
[ext_resource type="PackedScene" uid="uid://c7bpyy0i3w5hn" path="res://whiteboard.tscn" id="33_1dlgw"]
[ext_resource type="PackedScene" uid="uid://dopy2tkisdrv6" path="res://objects/props/FemaleAnatomy.gltf" id="34_dtkpj"]
[ext_resource type="PackedScene" uid="uid://duyldqu45oa85" path="res://objects/props/CabezaFemenina.gltf" id="35_5pcrg"]
[ext_resource type="PackedScene" uid="uid://cf6p14trpy2lu" path="res://objects/props/VintageLamp.gltf" id="36_0xwag"]

[sub_resource type="TorusMesh" id="TorusMesh_vsodd"]
inner_radius = 0.05
outer_radius = 0.5
rings = 32
ring_segments = 12

[sub_resource type="Curve" id="Curve_k3d1t"]
_data = [Vector2(0, 0), 0.0, 1.49357, 0, 0, Vector2(1, 1), 1.0, 0.0, 1, 0]
point_count = 2

[sub_resource type="Curve" id="Curve_sgv64"]
_data = [Vector2(0, 0), 0.0, 1.38676, 0, 0, Vector2(1, 1), 1.0, 0.0, 1, 0]
point_count = 2

[sub_resource type="Curve" id="Curve_gaoim"]
_data = [Vector2(0, 0), 0.0, 1.49357, 0, 0, Vector2(1, 1), 1.0, 0.0, 1, 0]
point_count = 2

[sub_resource type="CurveXYZTexture" id="CurveXYZTexture_n73o2"]
curve_x = SubResource("Curve_k3d1t")
curve_y = SubResource("Curve_sgv64")
curve_z = SubResource("Curve_gaoim")

[sub_resource type="Sky" id="Sky_wrmds"]
sky_material = ExtResource("3_ok30c")
radiance_size = 2

[sub_resource type="Environment" id="Environment_jucab"]
background_mode = 2
sky = SubResource("Sky_wrmds")
tonemap_mode = 4
glow_enabled = true
fog_light_color = Color(0.33, 0.1914, 0.21681, 1)
adjustment_enabled = true
adjustment_saturation = 1.2
adjustment_color_correction = SubResource("CurveXYZTexture_n73o2")

[sub_resource type="AudioStreamRandomizer" id="AudioStreamRandomizer_t471m"]
random_pitch = 1.35
random_volume_offset_db = 2.2
streams_count = 1
stream_0/stream = ExtResource("4_2suhb")

[sub_resource type="BoxShape3D" id="BoxShape3D_18b1w"]
size = Vector3(1.30359, 1.5625, 4.18152)

[sub_resource type="BoxShape3D" id="BoxShape3D_uvlxr"]
size = Vector3(0.78418, 1.50824, 2.46948)

[sub_resource type="BoxShape3D" id="BoxShape3D_kaldw"]
size = Vector3(2.24512, 1.18921, 1)

[sub_resource type="BoxShape3D" id="BoxShape3D_1dlgw"]
size = Vector3(1.85297, 1, 1.95239)

[sub_resource type="BoxShape3D" id="BoxShape3D_dtkpj"]
size = Vector3(1.85297, 0.115479, 0.708984)

[sub_resource type="BoxShape3D" id="BoxShape3D_5pcrg"]
size = Vector3(1.89258, 1.27979, 1)

[sub_resource type="StandardMaterial3D" id="StandardMaterial3D_yc71e"]
albedo_texture = ExtResource("20_wudxj")

[sub_resource type="PlaneMesh" id="PlaneMesh_2btif"]
material = SubResource("StandardMaterial3D_yc71e")
size = Vector2(1.4, 2)

[sub_resource type="TextMesh" id="TextMesh_4a7sh"]
material = ExtResource("14_sgv64")
text = "100"
font = ExtResource("14_gaoim")
font_size = 30
horizontal_alignment = 2
depth = 0.02

[sub_resource type="TextMesh" id="TextMesh_k3d1t"]
material = ExtResource("14_sgv64")
text = "10"
font = ExtResource("14_gaoim")
font_size = 100
horizontal_alignment = 2
depth = 0.02

[sub_resource type="BoxShape3D" id="BoxShape3D_46a6v"]
size = Vector3(1.74908, 3.88782, 2.46741)

[sub_resource type="BoxShape3D" id="BoxShape3D_5ho0w"]
size = Vector3(6.33691, 7.39258, 16.1753)

[sub_resource type="BoxShape3D" id="BoxShape3D_ae67b"]
size = Vector3(8.45215, 2.19482, 49.9573)

[sub_resource type="BoxShape3D" id="BoxShape3D_3f8e7"]
size = Vector3(2.39111, 2.9646, 1.79514)

[sub_resource type="BoxShape3D" id="BoxShape3D_sqak7"]
size = Vector3(2.81738, 3.20459, 1.60182)

[sub_resource type="BoxShape3D" id="BoxShape3D_rk17j"]
size = Vector3(2.06641, 3.20459, 1.60938)

[sub_resource type="BoxShape3D" id="BoxShape3D_fnj5f"]
size = Vector3(2.1275, 3.07764, 2.18982)

[sub_resource type="BoxShape3D" id="BoxShape3D_he4mn"]
size = Vector3(1.78955, 3.20459, 1.87488)

[sub_resource type="StandardMaterial3D" id="StandardMaterial3D_v15f4"]
shading_mode = 0
disable_ambient_light = true
disable_fog = true
albedo_color = Color(0, 0, 0, 1)

[sub_resource type="SphereMesh" id="SphereMesh_61cie"]
material = SubResource("StandardMaterial3D_v15f4")
flip_faces = true
radius = 50.0
height = 100.0

[node name="Base" type="Node3D"]
script = ExtResource("1_ut1kh")

[node name="Player" parent="." instance=ExtResource("2_c28jh")]
unique_name_in_owner = true
transform = Transform3D(1, 0, 0, 0, 1, 0, 0, 0, 1, 0.05, 0, 28.91)

[node name="InitialPosition" type="Marker3D" parent="."]
unique_name_in_owner = true
transform = Transform3D(1, 0, 0, 0, 1, 0, 0, 0, 1, 0.0500393, -0.0113512, 28.9101)

[node name="MeshInstance3D" type="MeshInstance3D" parent="InitialPosition"]
visible = false
mesh = SubResource("TorusMesh_vsodd")

[node name="WorldEnvironment" type="WorldEnvironment" parent="."]
environment = SubResource("Environment_jucab")

[node name="Control" type="Control" parent="."]
layout_mode = 3
anchors_preset = 15
anchor_right = 1.0
anchor_bottom = 1.0
grow_horizontal = 2
grow_vertical = 2

[node name="Icon" type="TextureRect" parent="Control"]
modulate = Color(1, 1, 1, 0.458824)
layout_mode = 1
anchors_preset = 8
anchor_left = 0.5
anchor_top = 0.5
anchor_right = 0.5
anchor_bottom = 0.5
offset_left = -3.0
offset_top = -3.0
offset_right = 125.0
offset_bottom = 125.0
grow_horizontal = 2
grow_vertical = 2
scale = Vector2(0.05, 0.05)
texture = ExtResource("3_s5o31")

[node name="RobotIdLabel" type="Label" parent="Control"]
unique_name_in_owner = true
visible = false
layout_mode = 1
anchors_preset = 7
anchor_left = 0.5
anchor_top = 1.0
anchor_right = 0.5
anchor_bottom = 1.0
offset_left = -20.0
offset_top = -23.0
offset_right = 20.0
grow_horizontal = 2
grow_vertical = 0
theme_override_font_sizes/font_size = 30
text = "R-1"
horizontal_alignment = 1

[node name="TimeLabel" type="Label" parent="Control"]
unique_name_in_owner = true
visible = false
layout_mode = 1
anchors_preset = 5
anchor_left = 0.5
anchor_right = 0.5
offset_left = -20.0
offset_right = 20.0
offset_bottom = 23.0
grow_horizontal = 2
theme_override_font_sizes/font_size = 40
text = "00:00"
horizontal_alignment = 1

[node name="GameOverLabel" type="Label" parent="Control"]
unique_name_in_owner = true
visible = false
layout_mode = 1
anchors_preset = 8
anchor_left = 0.5
anchor_top = 0.5
anchor_right = 0.5
anchor_bottom = 0.5
offset_left = -43.5
offset_top = -11.5
offset_right = 43.5
offset_bottom = 11.5
grow_horizontal = 2
grow_vertical = 2
theme_override_font_sizes/font_size = 150
text = "Game Over"
horizontal_alignment = 1

[node name="ShiftOverLabel" type="Label" parent="Control"]
unique_name_in_owner = true
visible = false
layout_mode = 1
anchors_preset = 8
anchor_left = 0.5
anchor_top = 0.5
anchor_right = 0.5
anchor_bottom = 0.5
offset_left = -43.5
offset_top = -11.5
offset_right = 43.5
offset_bottom = 11.5
grow_horizontal = 2
grow_vertical = 2
theme_override_font_sizes/font_size = 150
text = "Shift Over!"
horizontal_alignment = 1

[node name="TaskProgressBar" type="ProgressBar" parent="Control"]
unique_name_in_owner = true
visible = false
layout_mode = 1
anchors_preset = 8
anchor_left = 0.5
anchor_top = 0.5
anchor_right = 0.5
anchor_bottom = 0.5
offset_left = -115.0
offset_top = -285.0
offset_right = 115.0
offset_bottom = -258.0
grow_horizontal = 2
grow_vertical = 2

[node name="FadeWhite" type="ColorRect" parent="Control"]
unique_name_in_owner = true
layout_mode = 1
anchors_preset = 15
anchor_right = 1.0
anchor_bottom = 1.0
grow_horizontal = 2
grow_vertical = 2

[node name="PokeAudio" type="AudioStreamPlayer" parent="."]
stream = SubResource("AudioStreamRandomizer_t471m")

[node name="OfficeNode" type="Node3D" parent="."]
unique_name_in_owner = true

[node name="ExtraOffices" type="Node3D" parent="OfficeNode"]
unique_name_in_owner = true

[node name="OfficeWithCollision2" parent="OfficeNode/ExtraOffices" instance=ExtResource("6_8uljb")]
transform = Transform3D(1, 0, 0, 0, 1, 0, 0, 0, 1, 0, 4.1, 0)

[node name="OfficeWithCollision5" parent="OfficeNode/ExtraOffices" instance=ExtResource("6_8uljb")]
transform = Transform3D(1, 0, 0, 0, 1, 0, 0, 0, 1, 0, 8.2, 0)

[node name="OfficeWithCollision3" parent="OfficeNode/ExtraOffices" instance=ExtResource("6_8uljb")]
transform = Transform3D(1, 0, 0, 0, 1, 0, 0, 0, 1, 0, -4.1, 0)

[node name="OfficeWithCollision4" parent="OfficeNode/ExtraOffices" instance=ExtResource("6_8uljb")]
transform = Transform3D(1, 0, 0, 0, 1, 0, 0, 0, 1, 0, -8.2, 0)

[node name="MainOfficeWithCollision" parent="OfficeNode" instance=ExtResource("6_8uljb")]
unique_name_in_owner = true

[node name="DirectionalLight3D" type="DirectionalLight3D" parent="OfficeNode/MainOfficeWithCollision"]
transform = Transform3D(0.988504, 0.0123542, 0.150686, -0.151192, 0.080773, 0.985199, 0, -0.996656, 0.0817123, 0, 0, 0)
light_energy = 0.1
shadow_enabled = true
shadow_blur = 2.0
directional_shadow_max_distance = 40.0

[node name="SideDoor" type="CSGBox3D" parent="OfficeNode"]
unique_name_in_owner = true
transform = Transform3D(1, 0, 0, 0, 1, 0, 0, 0, 1, -4.00614, 0, 0)
visible = false
size = Vector3(0.288086, 1, 1.83105)

[node name="MessageLabel" type="Label3D" parent="OfficeNode"]
unique_name_in_owner = true
transform = Transform3D(1.06581e-14, 0, -1, 0, 1, 0, 1, 0, 1.06581e-14, 4.22272, 1.22896, 10.8749)
text = "10"
font_size = 40

[node name="Environment" type="Node3D" parent="OfficeNode"]
unique_name_in_owner = true

[node name="DressingNode" type="Node3D" parent="OfficeNode"]

[node name="office_tutorial" type="Node3D" parent="OfficeNode/DressingNode"]
unique_name_in_owner = true
visible = false

[node name="Banner" parent="OfficeNode/DressingNode/office_tutorial" instance=ExtResource("14_cs1hs")]
transform = Transform3D(0.965926, 0, 0.258819, 0, 1, 0, -0.258819, 0, 0.965926, -1.20731, 0.0134775, -9.20166)
texture = ExtResource("14_jym3p")

[node name="Banner2" parent="OfficeNode/DressingNode/office_tutorial" instance=ExtResource("14_cs1hs")]
transform = Transform3D(0.965926, 0, -0.258819, 0, 1, 0, 0.258819, 0, 0.965926, 1.10346, 0.0134775, -9.13057)
texture = ExtResource("14_v7taj")

[node name="Banner3" parent="OfficeNode/DressingNode/office_tutorial" instance=ExtResource("14_cs1hs")]
transform = Transform3D(0.707107, 0, -0.707107, 0, 1, 0, 0.707107, 0, 0.707107, 2.21097, 0.0134775, -9.51266)
banner = 2
texture = ExtResource("16_50rgw")

[node name="Banner4" parent="OfficeNode/DressingNode/office_tutorial" instance=ExtResource("14_cs1hs")]
transform = Transform3D(0.707107, 0, 0.707107, 0, 1, 0, -0.707107, 0, 0.707107, -2.15353, 0.0134775, -9.51266)
banner = 1
texture = ExtResource("16_jym3p")

[node name="Banner7" parent="OfficeNode/DressingNode/office_tutorial" instance=ExtResource("14_cs1hs")]
transform = Transform3D(-0.866026, 0, -0.5, 0, 1, 0, 0.5, 0, -0.866026, -0.814035, 0.0134775, -10.5122)
banner = 1
texture = ExtResource("16_jym3p")

[node name="Turnstile" parent="OfficeNode/DressingNode/office_tutorial" instance=ExtResource("18_4a7sh")]
transform = Transform3D(1, 0, 0, 0, 1, 0, 0, 0, 1, 0, -1.84654, 16.0658)
energy = 50.0

[node name="Banner5" parent="OfficeNode/DressingNode/office_tutorial" instance=ExtResource("14_cs1hs")]
transform = Transform3D(0.965926, 0, 0.258819, 0, 1, 0, -0.258819, 0, 0.965926, -1.20731, 0.0134775, -2.15295)
texture = ExtResource("14_v7taj")

[node name="Banner6" parent="OfficeNode/DressingNode/office_tutorial" instance=ExtResource("14_cs1hs")]
transform = Transform3D(0.965926, 0, -0.258819, 0, 1, 0, 0.258819, 0, 0.965926, 1.10346, 0.0134775, -2.08186)
texture = ExtResource("14_v7taj")

[node name="office_party" type="Node3D" parent="OfficeNode/DressingNode"]
unique_name_in_owner = true
visible = false

[node name="PartyTable2" parent="OfficeNode/DressingNode/office_party" instance=ExtResource("13_d5d72")]
transform = Transform3D(1, 0, 0, 0, 1, 0, 0, 0, 1, 0.059, 0, 19.1651)

[node name="PartyTable3" parent="OfficeNode/DressingNode/office_party" instance=ExtResource("13_d5d72")]
transform = Transform3D(1, 0, 0, 0, 1, 0, 0, 0, 1, 0.102164, 0, 17.0024)

[node name="Muffin2" parent="OfficeNode/DressingNode/office_party" instance=ExtResource("14_18b1w")]
transform = Transform3D(-0.305512, 0, -0.952188, 0, 1, 0, 0.952188, 0, -0.305512, 0.0202935, 1.02234, 16.4165)

[node name="Muffin3" parent="OfficeNode/DressingNode/office_party" instance=ExtResource("14_18b1w")]
transform = Transform3D(0.0320214, 0, 0.999487, 0, 1, 0, -0.999487, 0, 0.0320214, 0.151022, 1.02234, 16.6716)

[node name="Muffin4" parent="OfficeNode/DressingNode/office_party" instance=ExtResource("14_18b1w")]
transform = Transform3D(0.185872, 0, -0.982574, 0, 1, 0, 0.982574, 0, 0.185872, -0.0901904, 1.02233, 16.4955)

[node name="Muffin5" parent="OfficeNode/DressingNode/office_party" instance=ExtResource("14_18b1w")]
transform = Transform3D(-0.146204, 0, -0.989254, 0, 1, 0, 0.989254, 0, -0.146204, -0.204722, 1.02233, 18.7876)

[node name="Muffin6" parent="OfficeNode/DressingNode/office_party" instance=ExtResource("14_18b1w")]
transform = Transform3D(0.201779, 0, 0.979431, 0, 1, 0, -0.979431, 0, 0.201779, 0.27945, 1.02233, 19.6619)

[node name="DonutsPlate2" parent="OfficeNode/DressingNode/office_party" instance=ExtResource("27_aggb6")]
transform = Transform3D(1, 0, 0, 0, 1, 0, 0, 0, 1, 0.141632, 1.03931, 19.8223)

[node name="DonutsPlate3" parent="OfficeNode/DressingNode/office_party" instance=ExtResource("27_aggb6")]
transform = Transform3D(-0.558368, 0, 0.829593, 0, 1, 0, -0.829593, 0, -0.558368, -0.193539, 1.03931, 19.1143)

[node name="DonutsPlate4" parent="OfficeNode/DressingNode/office_party" instance=ExtResource("27_aggb6")]
transform = Transform3D(0.878801, 0, -0.477189, 0, 1, 0, 0.477189, 0, 0.878801, 0.12, 1.03931, 17.0967)

[node name="Donut2" parent="OfficeNode/DressingNode/office_party" instance=ExtResource("29_f7hpq")]
transform = Transform3D(1, 0, 0, 0, 1, 0, 0, 0, 1, 0.370478, 1.01944, 19.4696)

[node name="Donut3" parent="OfficeNode/DressingNode/office_party" instance=ExtResource("29_f7hpq")]
transform = Transform3D(0.0314016, 0.386484, -0.921762, 0.147592, 0.910314, 0.386712, 0.98855, -0.148188, -0.0284564, -0.0646657, 1.04278, 19.0655)

[node name="StaticBody3D" type="StaticBody3D" parent="OfficeNode/DressingNode/office_party"]
transform = Transform3D(1, 0, 0, 0, 1, 0, 0, 0, 1, 0, 0, 18.3739)

[node name="CollisionShape3D" type="CollisionShape3D" parent="OfficeNode/DressingNode/office_party/StaticBody3D"]
transform = Transform3D(1, 0, 0, 0, 1, 0, 0, 0, 1, 0.0956421, 0.28125, -0.2276)
shape = SubResource("BoxShape3D_18b1w")

[node name="office_marketing" type="Node3D" parent="OfficeNode/DressingNode"]
unique_name_in_owner = true
visible = false

[node name="MarketingShelf2" parent="OfficeNode/DressingNode/office_marketing" instance=ExtResource("13_1uwki")]
transform = Transform3D(1, 0, 0, 0, 1, 0, 0, 0, 1, 4.25744, 0.848818, 15.217)

[node name="MarketingShelf3" parent="OfficeNode/DressingNode/office_marketing" instance=ExtResource("13_1uwki")]
transform = Transform3D(1, 0, 0, 0, 1, 0, 0, 0, 1, 4.25744, 0.848818, 18.1116)

[node name="MarketingShelf4" parent="OfficeNode/DressingNode/office_marketing" instance=ExtResource("13_1uwki")]
transform = Transform3D(-1, 0, -8.74228e-08, 0, 1, 0, 8.74228e-08, 0, -1, -4.24906, 0.848818, 18.1116)

[node name="MarketingShelf5" parent="OfficeNode/DressingNode/office_marketing" instance=ExtResource("13_1uwki")]
transform = Transform3D(-1, 0, -8.74228e-08, 0, 1, 0, 8.74228e-08, 0, -1, -4.24906, 0.848818, 15.217)

[node name="MarketingTable" parent="OfficeNode/DressingNode/office_marketing" instance=ExtResource("31_uvlxr")]
transform = Transform3D(1, 0, 0, 0, 1, 0, 0, 0, 1, -0.0062809, 0.0094682, 16.7628)

[node name="RobotHead" parent="OfficeNode/DressingNode/office_marketing" instance=ExtResource("17_yc71e")]
transform = Transform3D(1, 0, 0, 0, 0.857032, 0.515262, 0, -0.515262, 0.857032, 4.0072, 2.43934, 18.2433)

[node name="StaticBody3D" type="StaticBody3D" parent="OfficeNode/DressingNode/office_marketing"]
transform = Transform3D(1, 0, 0, 0, 1, 0, 0, 0, 1, 0, 0, 16.7692)

[node name="CollisionShape3D" type="CollisionShape3D" parent="OfficeNode/DressingNode/office_marketing/StaticBody3D"]
transform = Transform3D(1, 0, 0, 0, 1, 0, 0, 0, 1, 0, 0.750641, -0.0150146)
shape = SubResource("BoxShape3D_uvlxr")

[node name="office_lobby" type="Node3D" parent="OfficeNode/DressingNode"]
unique_name_in_owner = true
visible = false

[node name="LobbyChair" parent="OfficeNode/DressingNode/office_lobby" instance=ExtResource("13_jym3p")]
transform = Transform3D(0.169762, 0, -0.985485, 0, 1, 0, 0.985485, 0, 0.169762, 2.57948, 0.00768454, 16.1663)

[node name="LobbyChair2" parent="OfficeNode/DressingNode/office_lobby" instance=ExtResource("13_jym3p")]
transform = Transform3D(-0.205726, 0, -0.97861, 0, 1, 0, 0.97861, 0, -0.205726, 2.4872, 0.00768454, 17.9272)

[node name="LobbyChair3" parent="OfficeNode/DressingNode/office_lobby" instance=ExtResource("13_jym3p")]
transform = Transform3D(-0.0610138, 0, 0.998137, 0, 1, 0, -0.998137, 0, -0.0610138, -3.0207, 0.00768454, 17.9168)

[node name="LobbyChair4" parent="OfficeNode/DressingNode/office_lobby" instance=ExtResource("13_jym3p")]
transform = Transform3D(0.311472, 0, 0.950255, 0, 1, 0, -0.950255, 0, 0.311472, -2.73648, 0.00768454, 16.1766)

[node name="Banner8" parent="OfficeNode/DressingNode/office_lobby" instance=ExtResource("14_cs1hs")]
transform = Transform3D(0.300439, 0, 0.953801, 0, 1, 0, -0.953801, 0, 0.300439, -3.5859, 0.0134775, 19.5)
texture = ExtResource("20_wudxj")

[node name="office_lab" type="Node3D" parent="OfficeNode/DressingNode"]
unique_name_in_owner = true
visible = false

[node name="LabTable" parent="OfficeNode/DressingNode/office_lab" instance=ExtResource("16_wudxj")]
transform = Transform3D(0.9, 0, 0, 0, 0.9, 0, 0, 0, 0.9, 1.3919, 0.00367766, 19.5335)

[node name="LabTable2" parent="OfficeNode/DressingNode/office_lab" instance=ExtResource("16_wudxj")]
transform = Transform3D(-3.93403e-08, 0, -0.9, 0, 0.9, 0, 0.9, 0, -3.93403e-08, -0.264098, 0.00367766, 20.2196)

[node name="RobotHead" parent="OfficeNode/DressingNode/office_lab" instance=ExtResource("17_yc71e")]
transform = Transform3D(-0.854441, 0.292719, -0.429239, 0, 0.826177, 0.563411, 0.519549, 0.481401, -0.705919, 0.542811, 1.24395, 20.2091)

[node name="RobotHead2" parent="OfficeNode/DressingNode/office_lab" instance=ExtResource("17_yc71e")]
transform = Transform3D(-0.0311603, -0.796782, 0.603462, 0.98376, -0.131225, -0.122466, 0.176769, 0.589846, 0.787931, 1.26591, 1.25507, 19.8978)

[node name="RobotLeg2" parent="OfficeNode/DressingNode/office_lab" instance=ExtResource("18_2btif")]
transform = Transform3D(0.795135, 0, 0.606433, 0, 1, 0, -0.606433, 0, 0.795135, -0.649806, 1.15031, 20.1449)

[node name="RobotLeg3" parent="OfficeNode/DressingNode/office_lab" instance=ExtResource("18_2btif")]
transform = Transform3D(-0.0622505, 0, -0.998061, 0, 1, 0, 0.998061, 0, -0.0622505, 1.79286, 1.14747, 19.8171)

[node name="RobotArm" parent="OfficeNode/DressingNode/office_lab" instance=ExtResource("19_n0uqe")]
unique_name_in_owner = true
transform = Transform3D(-5.24537e-08, 0, 1.2, 0, 1.2, 0, -1.2, 0, -5.24537e-08, 0.131692, -0.913004, 20.0308)

[node name="HardwarePress2" parent="OfficeNode/DressingNode/office_lab" instance=ExtResource("26_5pcrg")]
transform = Transform3D(4, 0, 0, 0, 4, 0, 0, 0, 4, 1.68367, 1.10691, 20.2559)

[node name="Whiteboard" parent="OfficeNode/DressingNode/office_lab" instance=ExtResource("33_1dlgw")]
transform = Transform3D(1, 0, 0, 0, 1, 0, 0, 0, 1, -4.20228, 1.54569, 17.9054)

[node name="StaticBody3D" type="StaticBody3D" parent="OfficeNode/DressingNode/office_lab"]
transform = Transform3D(1, 0, 0, 0, 1, 0, 0, 0, 1, 0, 0, 19.5604)

[node name="CollisionShape3D" type="CollisionShape3D" parent="OfficeNode/DressingNode/office_lab/StaticBody3D"]
transform = Transform3D(1, 0, 0, 0, 1, 0, 0, 0, 1, -0.26654, 0.574829, 0.656914)
shape = SubResource("BoxShape3D_kaldw")

[node name="CollisionShape3D2" type="CollisionShape3D" parent="OfficeNode/DressingNode/office_lab/StaticBody3D"]
transform = Transform3D(-4.37114e-08, 0, -1, 0, 1, 0, 1, 0, -4.37114e-08, 1.38448, 0.574829, -0.0361919)
shape = SubResource("BoxShape3D_kaldw")

[node name="OldWrench" parent="OfficeNode/DressingNode/office_lab" instance=ExtResource("27_fe1od")]
transform = Transform3D(0.759033, -0.651052, 0, -2.84584e-08, -3.31784e-08, 1, -0.651052, -0.759033, -4.37114e-08, 0.0561466, 1.16753, 20.3392)

[node name="Pinter3D" parent="OfficeNode/DressingNode/office_lab" instance=ExtResource("28_fq8n2")]
transform = Transform3D(0.7, 0, 0, 0, 0.7, 0, 0, 0, 0.7, 1.60133, 1.15425, 19.1649)

[node name="office_executive" type="Node3D" parent="OfficeNode/DressingNode"]
unique_name_in_owner = true

[node name="ExecChair" parent="OfficeNode/DressingNode/office_executive" instance=ExtResource("23_mh4ky")]
transform = Transform3D(0.873288, 0, 0.487204, 0, 1, 0, -0.487204, 0, 0.873288, -0.328904, 0.00385345, -5.5034)

[node name="Desk2" parent="OfficeNode/DressingNode/office_executive" instance=ExtResource("21_7m1qc")]
transform = Transform3D(1, 0, 0, 0, 1, 0, 0, 0, 1, 0, 0, -4.39879)

[node name="Body" parent="OfficeNode/DressingNode/office_executive" instance=ExtResource("23_x13uo")]
transform = Transform3D(0.711462, 0, 0.702724, 0, 1, 0, -0.702724, 0, 0.711462, 1.84357, -0.0199952, -6.50181)

[node name="ExecDoorBlock" type="CSGBox3D" parent="OfficeNode/DressingNode/office_executive"]
transform = Transform3D(1, 0, 0, 0, 1, 0, 0, 0, 1, 0.10077, 1.11969, -24.674)
use_collision = true
size = Vector3(2.24316, 3.23938, 0.42627)

[node name="RobotCrowd01" type="CSGBox3D" parent="OfficeNode/DressingNode/office_executive"]
unique_name_in_owner = true
transform = Transform3D(1, 0, 0, 0, 1, 0, 0, 0, 1, 0, 0.491029, 20.4476)
use_collision = true
size = Vector3(8.1814, 0.741697, 9.42151)

[node name="ExecVisible01" type="VisibleOnScreenNotifier3D" parent="OfficeNode/DressingNode/office_executive"]
unique_name_in_owner = true
transform = Transform3D(1, 0, 0, 0, 1, 0, 0, 0, 1, 0, 1.29097, 20.1842)
aabb = AABB(-4.22158, -1.20055, -4.48657, 8.44316, 1.31835, 8.97315)

[node name="RobotCrowd02" type="CSGBox3D" parent="OfficeNode/DressingNode/office_executive"]
unique_name_in_owner = true
transform = Transform3D(1, 0, 0, 0, 1, 0, 0, 0, 1, 0, 0.491029, 9.40976)
use_collision = true
size = Vector3(8.1814, 0.741697, 9.42151)

[node name="ExecVisible02" type="VisibleOnScreenNotifier3D" parent="OfficeNode/DressingNode/office_executive"]
unique_name_in_owner = true
transform = Transform3D(1, 0, 0, 0, 1, 0, 0, 0, 1, 0, 1.29097, 9.53106)
aabb = AABB(-4.22158, -1.20055, -4.58748, 8.44316, 1.31835, 9.17497)

[node name="RobotCrowd03" type="CSGBox3D" parent="OfficeNode/DressingNode/office_executive"]
unique_name_in_owner = true
transform = Transform3D(1, 0, 0, 0, 1, 0, 0, 0, 1, 0, 0.491029, -20.0596)
use_collision = true
size = Vector3(8.1814, 0.741697, 9.42151)

[node name="ExecVisible03" type="VisibleOnScreenNotifier3D" parent="OfficeNode/DressingNode/office_executive"]
unique_name_in_owner = true
transform = Transform3D(1, 0, 0, 0, 1, 0, 0, 0, 1, 0, 1.29097, -19.9333)
aabb = AABB(-4.22158, -1.20055, -4.58748, 8.44316, 1.31835, 9.17497)

[node name="RobotCrowd04" type="CSGBox3D" parent="OfficeNode/DressingNode/office_executive"]
unique_name_in_owner = true
transform = Transform3D(1, 0, 0, 0, 1, 0, 0, 0, 1, 0, 0.491029, -11.4141)
use_collision = true
size = Vector3(8.1814, 0.741697, 7.0668)

[node name="ExecVisible04" type="VisibleOnScreenNotifier3D" parent="OfficeNode/DressingNode/office_executive"]
unique_name_in_owner = true
transform = Transform3D(1, 0, 0, 0, 1, 0, 0, 0, 1, 0, 1.29097, -11.6175)
aabb = AABB(-4.22158, -1.20055, -3.78352, 8.44316, 1.31835, 7.56705)

[node name="RobotStrike" parent="OfficeNode/DressingNode/office_executive" instance=ExtResource("24_2bbbl")]
unique_name_in_owner = true
transform = Transform3D(1, 0, 0, 0, 1, 0, 0, 0, 1, 0, 0, 2.91592)

[node name="VintageLamp" parent="OfficeNode/DressingNode/office_executive" instance=ExtResource("36_0xwag")]
transform = Transform3D(0.7619, 0, 0.647694, 0, 1, 0, -0.647694, 0, 0.7619, -0.36733, 0.862442, -4.24345)

[node name="Donut2" parent="OfficeNode/DressingNode/office_executive" instance=ExtResource("29_f7hpq")]
transform = Transform3D(1, 0, 0, 0, 1, 0, 0, 0, 1, 0.555151, 0.858716, -4.2768)

[node name="ObjectsStaticBody3D" type="StaticBody3D" parent="OfficeNode/DressingNode/office_executive"]
transform = Transform3D(1, 0, 0, 0, 1, 0, 0, 0, 1, 0, 0, -4.58797)

[node name="CollisionShape3D" type="CollisionShape3D" parent="OfficeNode/DressingNode/office_executive/ObjectsStaticBody3D"]
transform = Transform3D(1, 0, 0, 0, 1, 0, 0, 0, 1, -0.0115662, 0.387118, -0.329224)
shape = SubResource("BoxShape3D_1dlgw")

[node name="CollisionShape3D2" type="CollisionShape3D" parent="OfficeNode/DressingNode/office_executive/ObjectsStaticBody3D"]
transform = Transform3D(0.707699, 0, -0.706514, 0, 1, 0, 0.706514, 0, 0.707699, 1.80673, 0.0454118, -1.97268)
shape = SubResource("BoxShape3D_dtkpj")

[node name="TrashBin_Knocked" parent="OfficeNode/DressingNode/office_executive/ObjectsStaticBody3D" instance=ExtResource("31_kaldw")]
transform = Transform3D(-0.764123, 0, -0.645071, 0, 1, 0, 0.645071, 0, -0.764123, 1.39915, 0.00375604, -0.652436)

[node name="office_design" type="Node3D" parent="OfficeNode/DressingNode"]
unique_name_in_owner = true
visible = false

[node name="DesignTable" parent="OfficeNode/DressingNode/office_design" instance=ExtResource("14_50rgw")]
transform = Transform3D(-4.37114e-08, 0, 1, 0, 1, 0, -1, 0, -4.37114e-08, 2.00686, 0.00347758, 19.5923)

[node name="DesignTable2" parent="OfficeNode/DressingNode/office_design" instance=ExtResource("14_50rgw")]
transform = Transform3D(-4.37114e-08, 0, 1, 0, 1, 0, -1, 0, -4.37114e-08, 2.00686, 0.00347758, 16.5637)

[node name="DesignTable3" parent="OfficeNode/DressingNode/office_design" instance=ExtResource("14_50rgw")]
transform = Transform3D(-4.37114e-08, 0, 1, 0, 1, 0, -1, 0, -4.37114e-08, -2.07508, 0.00347758, 19.5923)

[node name="DesignTable4" parent="OfficeNode/DressingNode/office_design" instance=ExtResource("14_50rgw")]
transform = Transform3D(-4.37114e-08, 0, 1, 0, 1, 0, -1, 0, -4.37114e-08, -2.07508, 0.00347758, 16.5637)

[node name="LobbyChair5" parent="OfficeNode/DressingNode/office_design" instance=ExtResource("13_jym3p")]
transform = Transform3D(-0.803483, 0, 0.595328, 0, 1, 0, -0.595328, 0, -0.803483, -3.34094, 0.00768454, 24.0467)

[node name="Whiteboard1" parent="OfficeNode/DressingNode/office_design" instance=ExtResource("33_1dlgw")]
transform = Transform3D(1, 0, 0, 0, 1, 0, 0, 0, 1, -4.20228, 1.54569, 17.9054)

[node name="Whiteboard2" parent="OfficeNode/DressingNode/office_design" instance=ExtResource("33_1dlgw")]
transform = Transform3D(-1, 0, 8.74228e-08, 0, 1, 0, -8.74228e-08, 0, -1, 4.20835, 1.54569, 17.9054)

[node name="StaticBody3D" type="StaticBody3D" parent="OfficeNode/DressingNode/office_design"]
transform = Transform3D(1, 0, 0, 0, 1, 0, 0, 0, 1, 0, 0, 18.1718)

[node name="CollisionShape3D" type="CollisionShape3D" parent="OfficeNode/DressingNode/office_design/StaticBody3D"]
transform = Transform3D(1, 0, 0, 0, 1, 0, 0, 0, 1, 1.99212, 0.597412, 1.41045)
shape = SubResource("BoxShape3D_5pcrg")

[node name="CollisionShape3D2" type="CollisionShape3D" parent="OfficeNode/DressingNode/office_design/StaticBody3D"]
transform = Transform3D(1, 0, 0, 0, 1, 0, 0, 0, 1, 1.99212, 0.597412, -1.59959)
shape = SubResource("BoxShape3D_5pcrg")

[node name="CollisionShape3D3" type="CollisionShape3D" parent="OfficeNode/DressingNode/office_design/StaticBody3D"]
transform = Transform3D(1, 0, 0, 0, 1, 0, 0, 0, 1, -2.08556, 0.597412, 1.41045)
shape = SubResource("BoxShape3D_5pcrg")

[node name="CollisionShape3D4" type="CollisionShape3D" parent="OfficeNode/DressingNode/office_design/StaticBody3D"]
transform = Transform3D(1, 0, 0, 0, 1, 0, 0, 0, 1, -2.08556, 0.597412, -1.59959)
shape = SubResource("BoxShape3D_5pcrg")

[node name="FemaleAnatomy2" parent="OfficeNode/DressingNode/office_design" instance=ExtResource("34_dtkpj")]
transform = Transform3D(0.559371, 0, 0.57193, 0, 0.8, 0, -0.57193, 0, 0.559371, 2.8222, 1.20408, 16.4775)

[node name="CabezaFemenina" parent="OfficeNode/DressingNode/office_design" instance=ExtResource("35_5pcrg")]
transform = Transform3D(0.675547, -1.8704, -0.21266, 1.80885, 0.707539, -0.476924, 0.521253, -0.031242, 1.93063, 1.90498, 1.23032, 16.4769)

[node name="office_museum" type="Node3D" parent="OfficeNode/DressingNode"]
unique_name_in_owner = true
visible = false

[node name="NightmareModeIndicator" type="Label3D" parent="OfficeNode/DressingNode/office_museum"]
unique_name_in_owner = true
transform = Transform3D(1, 0, 0, 0, 1, 0, 0, 0, 1, 0.116841, 3.41376, -24.9492)
shaded = true
text = "Nightmare mode!"
font_size = 50
vertical_alignment = 0

[node name="MuseumStatsLabel" type="Label3D" parent="OfficeNode/DressingNode/office_museum"]
unique_name_in_owner = true
transform = Transform3D(1, 0, 0, 0, 1, 0, 0, 0, 1, 0, 3.41376, 0)
shaded = true
text = "Stats."
font_size = 10
vertical_alignment = 0

[node name="LobbyChair" parent="OfficeNode/DressingNode/office_museum" instance=ExtResource("13_jym3p")]
transform = Transform3D(0.988255, 0, 0.152813, 0, 1, 0, -0.152813, 0, 0.988255, 3.51083, 0.00768453, 15.5908)

[node name="LobbyChair2" parent="OfficeNode/DressingNode/office_museum" instance=ExtResource("13_jym3p")]
transform = Transform3D(0.984288, 0, 0.176569, 0, 1, 0, -0.176569, 0, 0.984288, 3.5052, 0.405695, 15.6592)

[node name="LobbyChair3" parent="OfficeNode/DressingNode/office_museum" instance=ExtResource("13_jym3p")]
transform = Transform3D(0.984288, 0, 0.176569, 0, 1, 0, -0.176569, 0, 0.984288, 3.51076, 0.802388, 15.7148)

[node name="LobbyChair4" parent="OfficeNode/DressingNode/office_museum" instance=ExtResource("13_jym3p")]
transform = Transform3D(0.984288, 0, 0.176569, 0, 1, 0, -0.176569, 0, 0.984288, 3.51682, 1.20557, 15.7753)

[node name="Banner" parent="OfficeNode/DressingNode/office_museum" instance=ExtResource("14_cs1hs")]
transform = Transform3D(-0.957193, 0, 0.28945, 0, 1, 0, -0.28945, 0, -0.957193, -2.70168, 0.0134775, -23.4597)
texture = ExtResource("14_jym3p")

[node name="Banner2" parent="OfficeNode/DressingNode/office_museum" instance=ExtResource("14_cs1hs")]
transform = Transform3D(0.451781, 0, 0.892129, 0, 1, 0, -0.892129, 0, 0.451781, -3.47525, 0.0134775, -23.1994)
texture = ExtResource("14_v7taj")

[node name="Banner3" parent="OfficeNode/DressingNode/office_museum" instance=ExtResource("14_cs1hs")]
transform = Transform3D(0.674663, 0, 0.738126, 0, 1, 0, -0.738126, 0, 0.674663, -3.58672, 0.0134775, -24.2887)
banner = 2
texture = ExtResource("16_50rgw")

[node name="Banner4" parent="OfficeNode/DressingNode/office_museum" instance=ExtResource("14_cs1hs")]
transform = Transform3D(0.992561, 0, -0.121748, 0, 1, 0, 0.121748, 0, 0.992561, -2.59246, 0.0134775, -24.3215)
banner = 1
texture = ExtResource("16_jym3p")

[node name="Banner7" parent="OfficeNode/DressingNode/office_museum" instance=ExtResource("14_cs1hs")]
transform = Transform3D(-0.999939, -0.00814459, -0.00755798, -0.00625894, -0.149151, 0.988795, -0.0091806, 0.988781, 0.149091, -3.84786, 0.340449, -23.5139)
banner = 1
texture = ExtResource("16_jym3p")

[node name="LevelReport" parent="OfficeNode" instance=ExtResource("22_1uwki")]
unique_name_in_owner = true
transform = Transform3D(-1, 0, -8.74228e-08, 0, 1, 0, 8.74228e-08, 0, -1, -2.45747, 1.578, 24.9728)

[node name="StairSign" type="MeshInstance3D" parent="OfficeNode"]
transform = Transform3D(0.3, -2.62268e-08, 1.14641e-15, 0, -1.31134e-08, -0.3, 2.62268e-08, 0.3, -1.31134e-08, 4.57842e-06, 3.2167, -24.9915)
mesh = SubResource("PlaneMesh_2btif")

[node name="clock2" parent="OfficeNode" instance=ExtResource("21_yc71e")]
transform = Transform3D(-1, 0, 8.74228e-08, 0, 1, 0, -8.74228e-08, 0, -1, 0, 3.24633, 24.837)

[node name="StairsNode" type="Node3D" parent="."]

[node name="ExtraStairs" type="Node3D" parent="StairsNode"]
unique_name_in_owner = true

[node name="stairs3" parent="StairsNode/ExtraStairs" instance=ExtResource("7_x3c38")]
transform = Transform3D(1, 0, 0, 0, 1, 0, 0, 0, 1, 0, 8.2, 0)

[node name="stairs2" parent="StairsNode/ExtraStairs" instance=ExtResource("7_x3c38")]
transform = Transform3D(1, 0, 0, 0, 1, 0, 0, 0, 1, 0, 4.1, 0)

[node name="stairs5" parent="StairsNode/ExtraStairs" instance=ExtResource("7_x3c38")]
transform = Transform3D(1, 0, 0, 0, 1, 0, 0, 0, 1, 0, -8.2, 0)

[node name="stairs7" parent="StairsNode/ExtraStairs" instance=ExtResource("7_x3c38")]
transform = Transform3D(-1, 0, -8.74228e-08, 0, 1, 0, 8.74228e-08, 0, -1, 0, 4.1, 0)

[node name="stairs8" parent="StairsNode/ExtraStairs" instance=ExtResource("7_x3c38")]
transform = Transform3D(-1, 0, -8.74228e-08, 0, 1, 0, 8.74228e-08, 0, -1, 0, 8.2, 0)

[node name="stairs10" parent="StairsNode/ExtraStairs" instance=ExtResource("7_x3c38")]
transform = Transform3D(-1, 0, -8.74228e-08, 0, 1, 0, 8.74228e-08, 0, -1, 0, -8.2, 0)

[node name="stairs" parent="StairsNode" instance=ExtResource("7_x3c38")]

[node name="stairs4" parent="StairsNode" instance=ExtResource("7_x3c38")]
transform = Transform3D(1, 0, 0, 0, 1, 0, 0, 0, 1, 0, -4.1, 0)

[node name="stairs6" parent="StairsNode" instance=ExtResource("7_x3c38")]
transform = Transform3D(-1, 0, -8.74228e-08, 0, 1, 0, 8.74228e-08, 0, -1, 0, 0, 0)

[node name="stairs9" parent="StairsNode" instance=ExtResource("7_x3c38")]
transform = Transform3D(-1, 0, -8.74228e-08, 0, 1, 0, 8.74228e-08, 0, -1, 0, -4.1, 0)

[node name="TotalLevelsCountLabel" type="MeshInstance3D" parent="."]
unique_name_in_owner = true
transform = Transform3D(-4.37114e-08, 0, -1, 0, 1, 0, 1, 0, -4.37114e-08, 1.05581, 0.691272, 29.6589)
mesh = SubResource("TextMesh_4a7sh")

[node name="TotalLevelsCountLabel2" type="MeshInstance3D" parent="."]
transform = Transform3D(-1, 0, 8.74228e-08, 0, 1, 0, -8.74228e-08, 0, -1, -0.620499, 0.691272, 30.569)
mesh = SubResource("TextMesh_4a7sh")

[node name="TotalLevelsCountLabel3" type="MeshInstance3D" parent="."]
transform = Transform3D(1.31134e-07, 0, 1, 0, 1, 0, -1, 0, 1.31134e-07, -1.06554, 0.667587, -29.6593)
mesh = SubResource("TextMesh_4a7sh")

[node name="TotalLevelsCountLabel4" type="MeshInstance3D" parent="."]
transform = Transform3D(1, 0, -1.74846e-07, 0, 1, 0, 1.74846e-07, 0, 1, 0.643334, 0.676932, -30.5403)
mesh = SubResource("TextMesh_4a7sh")

[node name="LevelCountLabel" type="MeshInstance3D" parent="."]
unique_name_in_owner = true
transform = Transform3D(-4.37114e-08, 0, -1, 0, 1, 0, 1, 0, -4.37114e-08, 1.05581, 1.25533, 29.7148)
mesh = SubResource("TextMesh_k3d1t")

[node name="GlitchedLevelCount" parent="." instance=ExtResource("30_3vupj")]
transform = Transform3D(-4.37114e-08, 0, -1, 0, 1, 0, 1, 0, -4.37114e-08, 1.056, 5.355, 29.715)

[node name="GlitchedLevelCount2" parent="." instance=ExtResource("30_3vupj")]
transform = Transform3D(-1, 0, -8.74228e-08, 0, 1, 0, 8.74228e-08, 0, -1, -0.691, 5.355, 30.568)

[node name="GlitchedLevelCount3" parent="." instance=ExtResource("30_3vupj")]
transform = Transform3D(1, 0, -1.74846e-07, 0, 1, 0, 1.74846e-07, 0, 1, 0.643334, 5.35533, -30.5403)

[node name="GlitchedLevelCount4" parent="." instance=ExtResource("30_3vupj")]
transform = Transform3D(1.31134e-07, 0, 1, 0, 1, 0, -1, 0, 1.31134e-07, -1.06554, 5.35533, -29.7157)

[node name="LevelCountLabel2" type="MeshInstance3D" parent="."]
transform = Transform3D(-1, 0, 8.74228e-08, 0, 1, 0, -8.74228e-08, 0, -1, -0.691248, 1.25533, 30.5683)
mesh = SubResource("TextMesh_k3d1t")

[node name="LevelCountLabel4" type="MeshInstance3D" parent="."]
transform = Transform3D(1, 0, -1.74846e-07, 0, 1, 0, 1.74846e-07, 0, 1, 0.643334, 1.25533, -30.5403)
mesh = SubResource("TextMesh_k3d1t")

